h=0.5;
fx = [1.34 1.34 1.34 1.34 1.34 1.4 1.9 2.26 2.5 2.66 2.69 2.73 2.69 2.69 2.69 2.69 2.69 2.69 2.69 2.76 2.74 2.7 2.65 2.63 2.63 2.65 2.67 2.72 2.8 2.83 2.85 2.85 2.76 2.58 0.05];
xi = [-8.6 -8.1 -7.6 -7.1 -6.6 -6.1 -5.6 -5.1 -4.6 -4.1 -3.6 -3.1 -2.6 -2.1 -1.6 -1.1 -0.6 -0.1 0.4 0.9 1.4 1.9 2.4 2.9 3.4 3.9 4.4 4.9 5.4 5.9 6.4 6.9 7.4 7.9 8.4];
i=(h/2)*(fx(1)^2+2*(fx(2)^2+fx(3)^2+fx(4)^2+fx(5)^2+fx(6)^2+fx(7)^2+fx(8)^2+fx(9)^2+fx(10)^2+fx(11)^2+fx(12)^2+fx(13)^2+fx(14)^2+fx(15)^2+fx(16)^2+fx(17)^2+fx(18)^2+fx(19)^2+fx(20)^2+fx(21)^2+fx(22)^2+fx(23)^2+fx(24)^2+fx(25)^2+fx(26)^2+fx(27)^2+fx(28)^2+fx(29)^2+fx(30)^2+fx(31)^2+fx(32)^2+fx(33)^2+fx(34)^2)+fx(35)^2);
I=i*pi